A10CQvi  98 2021 11 02.4   2.9955  -9.2768 18.1 Updated Nov. 2.95 UT            24   0.48 23.5  0.031
W1o4Nc  100 2021 11 02.3  23.4123 +17.2842 22.8 Added Nov. 2.63 UT               3   0.00 29.6  0.624
TMG0058  98 2021 11 02.5   9.8289 +47.6022 19.3 Updated Nov. 2.92 UT            16   0.09 28.5  0.351
A10CQvf  96 2021 11 02.4   2.0781  +7.3093 18.9 Updated Nov. 2.94 UT            38   0.49 29.7  0.048
MHO3153 100 2021 11 01.2   2.9616 +49.6917 20.8 Added Nov. 2.26 UT               5   0.99 20.7  0.817
P21o4gI  84 2021 11 01.6   6.1589 +72.7528 21.9 Added Nov. 1.83 UT               4   0.04 19.7  1.348
P11o43w 100 2021 11 01.5   2.3085 +18.5094 21.5 Added Nov. 1.82 UT               4   0.05 20.6  1.420
P21
C6C4ZN2 100 2021 10 28.2   2.2883 +11.2103 21.1 Updated Nov. 2.68 UT             6   0.18 24.2  5.540
A10CxpU 100 2021 10 27.4  23.2843 +54.6872 18.7 Updated Nov. 2.72 UT             4   0.02 16.2  6.588
P11niyi 100 2021 10 27.4   0.9900 -32.0190 24.2 Updated Nov. 2.69 UT             3   0.02 26.2  6.585
SW40zS  100 2021 10 27.1  21.3172 -26.3426 19.2 Updated Nov. 2.68 UT             3   0.02 18.7  6.814
P21n8Xh 100 2021 10 26.2  23.2346 +27.5865 23.3 Updated Nov. 2.72 UT             5   0.18 22.4  7.546
C69M9X2 100 2021 10 25.4   2.1549 +34.0528 21.5 Updated Nov. 2.68 UT             4   0.02 23.4  8.536
C68URH2  35 2021 10 17.3   0.5405 +27.4644 21.2 Updated Nov. 2.69 UT            37  16.43 19.0  3.103
b11mW10 100 2021 10 15.0   2.8739 -21.3861 21.9 Updated Nov. 2.68 UT             4   0.01 21.9 18.910
P11mW0Y 100 2021 10 14.5   2.4951 -29.1413 23.5 Updated Nov. 2.69 UT             8   0.81 24.6 18.655
P11mIpe 100 2021 10 11.6  10.4927 +11.3225 21.8 Updated Nov. 2.69 UT             8   3.02 18.8 19.329
P21m9QZ  84 2021 10 03.4   3.1960 +43.7340 20.5 Updated Nov. 1.95 UT             6   0.89 17.0 29.624
